120
101
122
177
190
118
176
199
155
82
156
109
114
113
114
198
156
100
195
188
101
135
177
117
145
185
157
89
155
86
174
97
177
119
135
182
130
196
128
116
178
180
78
197
183
155
89
147
136
80
129
110
131
136
145
101
161
133
147
117
160
82
84
125
177
104
178
182
171
93
148
183
166
173
146
117
108
186
192
133
184
108
186
121
140
109
152
137
197
139
80
110
79
82
148
160
110
170
137
191
192
132
195
157
144
131
148
109
144
116
193
115
121
77
184
171
160
137
134
107
182
146
164
174
144
134
131
122
147
106
84
123
118
121
135
117
141
97
161
155
173
164
177
152
79
136
170
135
186
188
199
114
170
172
199
85
97
196
147
184
118
197
168
118
157
164
165
137
110
92
163
94
110
172
173
150
183
143
116
197
139
76
131
88
179
164
171
113
116
174
88
161
173
139
143
94
173
196
163
119
136
184
128
92
125
76
89
97
105
89
90
126
194
80
157
142
112
81
105
186
183
103
120
172
99
106
134
195
80
80
134
141
196
111
103
124
82
182
107
99
101
154
184
174
150
148
168
182
88
129
80
94
132
107
100
135
166
190
157
191
147
154
94
171
135
151
157
81
194
129
174
107
162
112
198
132
157
121
168
101
103
164
192
140
94
115
163
167
192
134
122
184
80
108
153
77
192
78
119
86
87
178
82
142
124
80
109
122
176
96
169
82
132
132
82
159
83
120
182
129
80
185
167
146
136
174
152
139
111
108
107
155
155
175
179
182
135
75
146
76
145
77
161
82
177
137
188
133
87
81
139
150
141
197
199
172
187
127
165
124
162
163
84
158
166
146
142
138
104
164
77
94
180
189
98
167
101
173
92
130
185
83
77
163
153
84
109
180
118
121
132
129
102
84
87
81
174
136
112
132
81
97
91
141
193
160
148
125
105
199
178
179
82
190
166
181
76
192
170
121
88
152
97
193
110
99
140
114
123
116
83
149
79
130
145
148
118
120
123
147
187
199
113
123
169
167
92
187
145
160
199
199
184
187
82
123
140
173
115
116
157
172
152
121
128
93
164
142
154
86
184
109
173
101
198
192
128
176
168
197
166
151
77
110
179
183
139
147
81
126
81
173
139
110
129
186
142
187
155
143
112
165
84
99
141
126
99
121
163
107
193
133
196
139
128
165
133
175
158
175
126
97
87
134
90
136
169
122
106
128
140
191
96
126
144
158
91
163
189
152
181
190
156
165
168
78
195
148
87
153
104
142
197
139
81
147
110
105
89
142
141
193
125
133
175
109
87
165
142
129
85
133
177
145
140
182
188
104
137
87
191
138
115
161
93
109
148
123
170
142
96
109
133
92
114
86
87
117
172
185
177
94
122
164
190
81
147
146
183
102
113
98
97
168
118
108
137
197
81
173
79
177
156
85
107
136
105
137
99
113
124
181
77
175
85
175
168
97
129
151
81
142
176
133
128
81
194
197
80
165
144
180
119
83
78
120
171
95
170
140
88
168
75
166
100
120
180
100
89
108
97
195
112
193
168
112
87
123
171
111
140
188
199
123
138
106
185
194
96
94
199
113
173
112
146
147
104
158
175
105
115
177
199
87
87
195
151
86
103
182
192
120
169
107
186
178
95
134
100
111
108
105
112
98
155
188
93
149
95
171
175
190
97
180
128
181
146
148
99
114
106
84
186
141
196
103
108
198
148
87
79
190
175
105
196
158
189
176
157
124
124
119
110
81
130
142
98
140
82
124
136
195
147
158
123
137
186
116
188
128
187
139
199
142
194
174
141
80
138
167
83
106
164
122
93
114
89
191
195
117
76
77
129
175
144
93
125
190
154
198
76
93
80
89
135
184
169
157
86
106
156
136
138
109
107
109
117
133
77
177
157
190
82
177
114
78
96
150
150
88
171
119
165
109
152
77
154
171
192
173
82
95
138
165
88
87
141
199
83
164
132
120
168
190
88
91
125
141
108
157
154
96
99
128
178
110
112
128
101
186
117
100
160
94
173
88
196
133
171
189
103
194
165
120
110
163
80
122
124
132
75
114
199
104
135
111
195
122
133
118
96
151
119
82
120
107
186
99
96
161
108
181
143
143
189
150
144
169
139
148
90
96
199
109
183
158
77
181
131
106
127
110
86
148
198
120
84
174
112
177
114
84
193
135
105
115
78
129
199
103
165
82
97
189
119
76
110
95
114
172
91
145
112
169
124
184
117
153
141
156
168
111
161
86
193
111
101
126
158
193
161
118
184
190
140
154
120
188
119
120
